# Maximal Sidon Set per N=5000
# Cardinality (K): 75
# Base Geometry: Singer q=79 (v=6321)
# Hall Multiplier: k=835
# Density: 1.061 * sqrt(N)
# Execution Time: 0.127 seconds

       1,      8,     28,     53,    161,    275,    276,    455,    515,    571
     613,    628,    804,    820,    914,    945,   1021,   1150,   1186,   1236
    1285,   1314,   1331,   1385,   1569,   1593,   1630,   1670,   1689,   1782
    2085,   2187,   2219,   2221,   2343,   2448,   2511,   2521,   2721,   2774
    2809,   2818,   2832,   2883,   2949,   3004,   3030,   3034,   3052,   3425
    3508,   3516,   3529,   3671,   3712,   3740,   3858,   3897,   3930,   3977
    4100,   4248,   4354,   4492,   4498,   4560,   4624,   4635,   4774,   4812
    4817,   4901,   4904,   4971,   4983
