# Maximal Sidon Set per N=5000
# Cardinality (K): 74
# Base Geometry: Singer q=73 (v=5403)
# Hall Multiplier: k=16
# Density: 1.047 * sqrt(N)
# Execution Time: 0.368 seconds

       1,     54,     56,     62,    221,    249,    459,    609,    633,    642
     649,    681,    906,   1008,   1083,   1094,   1172,   1176,   1177,   1206
    1302,   1333,   1352,   1403,   1417,   1462,   1484,   1685,   1775,   1790
    1839,   1948,   2067,   2093,   2140,   2200,   2274,   2311,   2391,   2429
    2570,   2591,   2678,   2705,   2722,   2740,   2776,   2844,   2939,   3059
    3111,   3410,   3451,   3640,   3653,   3665,   3753,   3756,   3877,   3900
    3969,   4109,   4172,   4215,   4257,   4314,   4393,   4451,   4579,   4589
    4635,   4655,   4732,   4965
